$ 1 0.0001 30 50 5 50 5e-6
x 64 40 74 40 4 24 25EVO\sBSPD\s|\sDISCHARGE\sDIODE\sCOMPARISON
x 64 72 74 72 4 16 Both\sthresholds\sexceeded:\sHIGH\s0.30s\s/\sLOW\s0.06s\s|\sReset\srestarts\sfrom\s0V
x 64 120 74 120 4 20 A\s|\sWITHOUT\sdiode
R 160 176 160 136 0 0 40 5 0 0 0.5
r 160 176 160 256 0 10000
x 70 205 80 205 4 13 R12
w 160 256 208 256 0
r 208 256 352 256 0 39000
x 232 287 242 287 4 13 R14
c 352 256 352 352 0 0.00001 0 0
g 352 352 352 368 0
x 368 325 378 325 4 13 C8
159 160 256 160 320 1 20 10000000000 2.5
g 160 320 160 336 0
R 80 288 80 344 0 2 2.7777777777778 2.5 2.5 0 0.83333333333333
w 80 288 144 288 0
x 64 388 74 388 4 13 HIGH\s\q\srelease\scollector;\sLOW\s\q\ssink
w 352 256 416 256 0
401 416 272 512 272 0 8_15_-15_1000000_0_0_100000 0_20_10000000000_2.5 0
R 416 288 416 344 0 0 40 3.6 0 0 0.5
R 512 176 512 136 0 0 40 5 0 0 0.5
r 512 176 512 272 0 10000
O 512 272 552 272 1 0
x 474 322 484 322 4 13 OUT:\s0V\s\q\sfault
x 624 120 634 120 4 20 B\s|\sWITH\sD1\s\p\sR13\s(25EVO)
R 720 176 720 136 0 0 40 5 0 0 0.5
r 720 176 720 256 0 10000
x 630 205 640 205 4 13 R12
w 720 256 768 256 0
r 768 256 912 256 0 39000
x 792 287 802 287 4 13 R14
c 912 256 912 352 0 0.00001 0 0
g 912 352 912 368 0
x 928 325 938 325 4 13 C8
159 720 256 720 320 1 20 10000000000 2.5
g 720 320 720 336 0
R 640 288 640 344 0 2 2.7777777777778 2.5 2.5 0 0.83333333333333
w 640 288 704 288 0
x 624 388 634 388 4 13 HIGH\s\q\srelease\scollector;\sLOW\s\q\ssink
w 912 256 912 208 0
r 912 208 832 208 0 470
d 832 208 768 208 2 1N4148
w 768 208 768 256 0
x 772 180 782 180 4 13 D1\s/\sR13
w 912 256 976 256 0
401 976 272 1072 272 0 8_15_-15_1000000_0_0_100000 0_20_10000000000_2.5 0
R 976 288 976 344 0 0 40 3.6 0 0 0.5
R 1072 176 1072 136 0 0 40 5 0 0 0.5
r 1072 176 1072 272 0 10000
O 1072 272 1112 272 1 0
x 1034 322 1044 322 4 13 OUT:\s0V\s\q\sfault
x 64 432 74 432 4 16 Charge:\s(10k\s\p\s39k)\sx\s10u\s\q\s0.49s;\s0V\s->\s3.6V\stakes\sabout\s0.624s
x 64 460 74 460 4 16 A\sreset:\s39k\sx\s10u\s\q\s0.39s\s|\sB\sfast\sreset:\s470R\s\p\sdiode\s(not\san\sinstant\s0V\sreset)
x 64 488 74 488 4 14 Teaching\smodel:\sideal\scollector\sswitches,\s3.6V\sdecision\slevel;\s1M\shysteresis\sfeedback\somitted.
o 14 64 0 4866 5 0.1 0 1 INPUT: 5V = both thresholds exceeded
o 9 64 0 4866 5 0.1 1 3 31 0 19 0 CAP: A(no diode) / B(with diode) / 3.6V
o 22 64 0 4866 5 0.1 2 2 49 0 OUTPUT: A(no diode) / B(with diode); LOW = fault
